operations: 922 \n957 634 992 994 347 589 267 276 102 333 558 435 689 228 954 383 188 993 423 321 513 965 971 415 212 396 735 604 450 660 460 376 811 465 24 777 32 336 22 119 890 128 322 793 20 505 590 979 988 976 335 895 852 53 526 853 751 113 378 455 328 749 413 466 726 668 940 278 421 284 571 208 541 292 211 25 461 350 617 651 81 253 142 664 974 551 845 279 758 31 727 105 784 625 143 995 490 217 500 710 \n
operations: 916 \n712 186 332 67 612 734 854 75 72 132 290 534 635 576 425 589 939 478 626 385 226 873 978 615 213 52 127 138 487 584 998 925 443 891 177 422 261 698 369 180 424 254 232 266 234 484 610 318 161 954 302 453 761 97 617 677 274 235 386 875 607 874 162 620 192 128 123 83 695 466 778 570 348 476 165 725 826 745 117 788 252 648 277 263 495 633 784 163 814 68 859 705 583 776 151 104 448 962 755 614 \n
operations: 904 \n460 624 167 356 639 57 31 366 824 811 953 605 224 719 860 210 515 155 717 987 143 68 608 638 979 404 90 965 61 115 304 217 671 450 75 681 427 851 950 327 310 186 871 259 732 526 967 501 329 491 474 938 201 865 287 281 372 782 458 445 333 345 532 293 261 743 175 423 517 774 832 999 621 353 981 901 697 469 347 518 655 741 740 622 461 121 641 698 198 52 828 863 269 604 498 575 426 315 284 490 \n
operations: 929 \n39 141 828 946 391 111 928 812 934 991 696 706 785 75 574 599 622 206 48 892 746 287 489 484 736 543 562 509 24 501 318 985 239 153 845 235 964 232 951 145 15 479 78 354 360 485 319 334 972 649 924 721 739 294 790 931 684 429 729 512 856 271 106 313 345 514 529 121 476 905 757 763 274 224 297 722 615 668 810 626 336 827 138 405 607 881 953 442 823 683 900 733 82 658 452 233 537 608 508 258 \n
operations: 908 \n824 699 924 445 230 920 477 186 52 357 453 564 959 615 617 954 730 491 426 324 759 520 149 958 225 944 541 613 73 589 766 556 928 935 882 855 885 278 994 727 964 661 121 181 95 602 933 518 123 189 806 416 790 523 662 516 735 832 606 631 352 427 607 611 400 569 488 559 821 723 443 244 154 647 716 213 438 773 687 930 195 973 75 803 990 522 529 648 283 207 775 895 484 447 981 831 833 268 946 658 \n
operations: 910 \n230 839 275 890 12 941 502 767 512 913 10 44 651 612 357 960 866 373 730 315 180 897 35 743 988 112 424 297 706 534 465 933 316 324 137 998 553 199 382 564 721 632 824 662 755 285 844 834 901 406 875 900 494 581 235 775 854 392 249 698 575 352 255 399 546 973 370 435 202 87 535 979 187 335 929 725 686 279 524 597 304 332 265 416 452 387 329 816 461 217 614 394 994 536 874 377 719 756 113 820 \n
operations: 904 \n32 549 826 611 139 868 455 371 176 15 996 839 509 668 433 578 585 847 836 140 739 699 83 630 208 723 865 375 227 287 605 843 704 520 104 948 792 271 764 844 259 219 135 602 117 555 425 129 584 954 472 543 141 877 563 74 481 614 656 858 665 646 182 430 357 345 848 38 210 887 465 408 218 497 70 434 264 772 100 161 221 423 649 912 683 458 235 523 508 818 791 355 591 831 998 655 738 383 467 175 \n
operations: 963 \n715 142 961 730 543 58 702 319 474 274 256 637 242 898 412 444 341 585 674 20 333 650 422 353 376 596 722 853 220 457 772 617 196 609 850 197 164 895 411 104 314 347 854 109 971 87 36 485 443 755 208 516 780 126 243 175 573 818 269 735 980 232 627 294 149 81 813 618 678 566 401 249 719 289 40 218 434 729 728 831 165 121 739 863 200 101 100 781 620 616 645 466 402 154 235 231 507 158 118 703 \n
operations: 944 \n65 88 653 700 228 807 43 42 462 238 432 59 465 613 68 699 358 81 957 666 209 712 696 661 413 313 577 829 249 509 684 882 575 128 335 239 641 502 381 154 51 469 558 448 773 105 235 631 280 967 552 884 326 609 281 192 966 10 359 948 153 93 113 711 932 47 692 472 763 147 426 212 777 677 627 670 590 291 524 747 259 516 421 251 486 964 599 50 304 811 841 435 149 236 854 386 380 25 694 222 \n
operations: 962 \n719 675 53 151 744 463 806 166 153 694 214 127 927 777 339 109 81 316 548 280 589 669 430 538 58 422 688 579 281 631 981 819 12 365 297 371 163 460 933 730 611 909 443 24 573 872 880 837 728 441 399 582 810 74 149 511 699 600 615 263 212 46 352 190 574 56 597 416 106 103 731 409 599 464 293 588 247 668 710 650 489 747 407 535 562 334 690 508 817 905 125 874 706 966 661 813 715 755 596 154 \n
operations: 963 \n765 973 335 945 557 713 599 638 635 458 840 569 23 353 801 922 450 833 631 312 264 208 653 294 382 378 777 435 351 114 192 657 681 926 570 528 540 906 230 211 907 501 304 167 308 183 327 894 404 209 795 254 324 234 721 277 472 446 548 637 847 904 361 59 477 476 598 916 742 543 86 152 774 538 989 668 977 237 789 174 509 100 731 832 809 18 778 126 321 995 677 220 390 333 913 895 138 604 896 654 \n
operations: 903 \n661 301 177 416 258 663 547 885 842 789 371 104 759 487 317 133 129 963 536 125 338 332 604 340 460 647 112 940 722 193 970 432 585 186 51 452 763 696 575 626 550 464 918 801 185 46 822 694 426 950 824 620 946 343 868 632 977 966 316 534 429 876 574 365 420 196 667 224 175 457 251 693 728 872 569 145 201 979 445 413 138 756 519 672 197 794 111 621 412 555 627 685 638 700 421 23 858 932 734 194 \n
